0.0 5.96014772697e-10 2.13911237172e-12
5.0 5.82971826481e-10 2.3051190031e-12
10.0 5.92966294223e-10 2.16722858718e-12
15.0 6.00666920868e-10 2.00835224146e-12
20.0 5.95549178109e-10 2.19110162514e-12
25.0 5.95204343033e-10 2.12225855648e-12
30.0 6.0970535989e-10 2.06439866457e-12
35.0 5.92154987868e-10 2.35569560577e-12
40.0 6.00513535598e-10 2.15499505121e-12
45.0 5.86682017615e-10 2.85161651314e-12
50.0 5.78249644236e-10 2.64440432964e-12
55.0 5.6940280306e-10 2.81979804784e-12
60.0 5.7552812804e-10 2.75481936218e-12
65.0 5.66192609307e-10 2.66068361404e-12
70.0 5.70054236674e-10 3.02514627249e-12
75.0 5.72007210145e-10 3.16238684416e-12
80.0 5.73857027058e-10 3.05970583352e-12
85.0 5.84619571875e-10 2.9016595606e-12
90.0 5.74485562924e-10 3.1217089861e-12
95.0 5.57871380573e-10 2.85576271287e-12
100.0 5.75028364694e-10 3.00243489429e-12
105.0 5.67873010989e-10 3.25896635844e-12
110.0 5.62803156375e-10 3.28889189744e-12
115.0 5.81095896201e-10 3.07992827532e-12
120.0 5.82051306492e-10 2.97548310528e-12
125.0 5.70021751965e-10 2.26362750845e-12
130.0 5.61008246666e-10 3.11403657044e-12
135.0 5.61193237774e-10 3.12981634999e-12
140.0 5.65633187146e-10 3.405095366e-12
145.0 5.6176236002e-10 3.14128635116e-12
150.0 5.38218800164e-10 3.05630675672e-12
155.0 5.18733860007e-10 2.61945752848e-12
160.0 4.80323830786e-10 3.37419684449e-12
165.0 4.02449474268e-10 3.68806380076e-12
170.0 3.51946569853e-10 3.48884543013e-12
175.0 2.79226595418e-10 3.70706844325e-12
180.0 1.74453124611e-10 4.0507184854e-12
185.0 8.1807392662e-11 3.7612783352e-12
190.0 -6.14607265552e-12 4.23613934149e-12
195.0 -1.30214356697e-10 4.33854005909e-12
200.0 -2.40975050455e-10 4.47408316893e-12
205.0 -3.58799479152e-10 4.8286118381e-12
210.0 -4.68643704511e-10 4.73250035685e-12
215.0 -5.83227518603e-10 5.25164439712e-12
220.0 -6.98503028218e-10 4.73621275291e-12
225.0 -8.24906303782e-10 5.30235256651e-12
230.0 -9.45308687349e-10 5.30380926347e-12
235.0 -1.06198344878e-09 5.35140095712e-12
240.0 -1.18919328265e-09 5.30004245819e-12
245.0 -1.30224629451e-09 5.27182738773e-12
250.0 -1.49915976634e-09 4.98062215731e-12
255.0 -1.55465845283e-09 4.99592377386e-12
