0.0 3.38028526385e-08 1.24810131184e-09
5.0 3.32660819501e-08 1.36896958583e-09
10.0 3.08814521864e-08 1.29481453165e-09
15.0 3.13434634652e-08 1.17053235335e-09
20.0 2.86216137101e-08 1.25361947988e-09
25.0 3.1355864306e-08 1.22518427706e-09
30.0 3.13319097229e-08 1.20546948312e-09
35.0 3.15013449085e-08 1.31710876065e-09
40.0 2.97580625607e-08 1.27236167184e-09
45.0 3.39133838621e-08 1.63438153731e-09
50.0 3.25939216181e-08 1.52976283353e-09
55.0 2.80215370683e-08 1.59056229401e-09
60.0 3.14054440754e-08 1.73543730249e-09
65.0 3.09227485477e-08 1.54877684975e-09
70.0 2.91338099363e-08 1.80497353672e-09
75.0 3.25497241516e-08 1.94452101355e-09
80.0 2.73135554615e-08 1.77237285887e-09
85.0 3.04266614969e-08 1.75209417994e-09
90.0 3.4699249958e-08 1.73777939411e-09
95.0 3.12777417536e-08 1.6490785365e-09
100.0 2.93422905512e-08 1.61053153354e-09
105.0 3.14322897787e-08 1.80011082903e-09
110.0 2.50221683287e-08 1.88125563511e-09
115.0 2.97306441447e-08 1.78354305776e-09
120.0 2.94121615828e-08 1.67191572398e-09
125.0 3.04255614816e-08 1.26338102548e-09
130.0 3.16590655278e-08 1.71485993068e-09
135.0 3.06132463807e-08 1.82220704413e-09
140.0 1.50190472048e-08 1.97056545928e-09
145.0 2.72042387131e-08 1.84962118472e-09
150.0 1.43573178241e-08 1.33738084524e-09
155.0 1.35715223811e-08 9.4444953996e-10
160.0 8.50236998414e-09 8.48829218302e-10
165.0 4.52949291456e-09 3.85630342536e-10
170.0 2.08836501027e-09 1.11137045739e-10
175.0 1.92640236556e-09 3.11450429305e-11
180.0 2.01281675401e-09 7.58364821202e-12
185.0 2.12144466662e-09 6.32640649875e-12
190.0 2.17564104778e-09 6.4792863345e-12
195.0 2.22195596602e-09 6.01077109073e-12
200.0 2.26325269161e-09 5.88600968837e-12
205.0 2.31293807852e-09 5.76167322598e-12
210.0 2.36633223948e-09 5.61212087364e-12
215.0 2.41429916288e-09 5.771633855e-12
220.0 2.48415889497e-09 5.36112539554e-12
225.0 2.53086567034e-09 5.34418325686e-12
230.0 2.60018390142e-09 5.45214223935e-12
235.0 2.6653871206e-09 5.47956297102e-12
240.0 2.74521195463e-09 5.37989685882e-12
245.0 2.77725960486e-09 5.41133225568e-12
250.0 2.86651497121e-09 4.73906663701e-12
255.0 2.89733102875e-09 5.01409588492e-12
