0.0 0.0320176115447 0.00325346545025
5.0 0.0317732135323 0.00312331143082
10.0 0.031962221987 0.00332325367303
15.0 0.0320282466446 0.00320719277693
20.0 0.0319417954317 0.0033454713046
25.0 0.0320161607201 0.00328158516419
30.0 0.0319501778155 0.00315953354213
35.0 0.031942357864 0.00331457232936
40.0 0.0320749682261 0.00324538632436
45.0 0.0320287508689 0.00335704478664
50.0 0.0317968426071 0.00326823461984
55.0 0.0317798252436 0.00327244208971
60.0 0.0319821105012 0.00332161964322
65.0 0.0318128709041 0.00338993154982
70.0 0.0318806845901 0.00317203983514
75.0 0.0316487485568 0.00330896523807
80.0 0.0317387536784 0.00313814656643
85.0 0.031789408278 0.00342991150891
90.0 0.031848198579 0.00326884004386
95.0 0.0315979642021 0.00316708808402
100.0 0.0319928671258 0.00341013239455
105.0 0.0316682497556 0.00333951153758
110.0 0.0317281015983 0.00335693047651
115.0 0.0320855292459 0.00327170987832
120.0 0.0320991689394 0.00336648492078
125.0 0.031903698474 0.00328057055026
130.0 0.0318124409459 0.00328140869403
135.0 0.0317260806219 0.0031849320558
140.0 -0.0264135101504 0.00780060344903
145.0 0.0319071030497 0.00321396150456
150.0 -0.0322780550625 0.0116435327436
155.0 -0.0379622255189 0.0138476676833
160.0 -0.0498381362657 0.01847439652
165.0 -0.0720397665838 0.0242697236614
170.0 -0.101949224274 0.0273492271813
175.0 -0.135143775486 0.0308112631482
180.0 -0.169649839672 0.0339688767438
185.0 -0.207190451728 0.0372943172528
190.0 -0.240801536051 0.039972402204
195.0 -0.28037163225 0.0441824409878
200.0 -0.322179339089 0.0445445310936
205.0 -0.356740747362 0.0466628156644
210.0 -0.389219244891 0.0455322621693
215.0 -0.423945009221 0.0484672103764
220.0 -0.45486187052 0.0478087437548
225.0 -0.488398448803 0.0497527027265
230.0 -0.517481256126 0.0524710431348
235.0 -0.548602175171 0.0542236931916
240.0 -0.580252658517 0.052167148554
245.0 -0.611650640974 0.053627029161
250.0 -0.654814534939 0.0574277284998
255.0 -0.666208747266 0.0563900336933
