0.0 -3.78367757104e-09 5.21852570883e-10
1000.0 -4.1503868682e-09 5.37711053314e-10
2000.0 -4.45665563103e-09 5.27059721692e-10
3000.0 -4.78175680266e-09 5.29419206349e-10
4000.0 -5.16480414841e-09 5.40905128199e-10
5000.0 -5.55482886435e-09 5.46641369008e-10
6000.0 -5.99779098653e-09 5.60228345672e-10
7000.0 -6.51684349598e-09 5.51284729407e-10
8000.0 -7.03773042928e-09 5.58038055195e-10
9000.0 -7.64422649611e-09 5.7643613555e-10
10000.0 -8.57526590325e-09 5.87235438617e-10
11000.0 -9.49197713541e-09 5.96172778973e-10
12000.0 -1.06949825245e-08 6.0414640412e-10
13000.0 -1.21289025593e-08 6.10787638229e-10
14000.0 -1.39262944819e-08 6.29862594345e-10
15000.0 -1.52831643115e-08 5.94974128698e-10
16000.0 -1.51623297343e-08 6.0157971472e-10
17000.0 -1.5083986339e-08 5.71429295693e-10
18000.0 -1.50037831046e-08 5.57136640282e-10
19000.0 -1.49741705519e-08 5.46269733925e-10
20000.0 -1.48808115497e-08 5.2296660104e-10
21000.0 -1.47900564576e-08 4.9656159867e-10
22000.0 -1.46878366797e-08 4.91593735877e-10
23000.0 -1.43425103335e-08 4.84148919394e-10
24000.0 -1.39961034274e-08 4.91428581147e-10
25000.0 -1.36178982574e-08 4.84140208122e-10
26000.0 -1.33749337385e-08 4.81348360711e-10
27000.0 -1.3205722403e-08 4.73554514399e-10
28000.0 -1.31216448918e-08 4.7477085405e-10
29000.0 -1.31641673655e-08 4.55015303741e-10
30000.0 -1.30765182669e-08 4.74982216792e-10
