0.0 1.63787870733e-07 2.11905009213e-07
1000.0 1.81573709191e-07 1.89246955541e-07
2000.0 1.77439714268e-07 1.74031579346e-07
3000.0 1.79414519196e-07 1.75989019617e-07
4000.0 1.86620752773e-07 1.57860372207e-07
5000.0 1.85823922342e-07 1.54641715746e-07
6000.0 1.93741981451e-07 1.58355171936e-07
7000.0 1.96749341297e-07 1.51768775815e-07
8000.0 1.95510509903e-07 1.60190981717e-07
9000.0 2.04992498345e-07 1.51107976213e-07
10000.0 2.00711917386e-07 1.49347248143e-07
11000.0 2.04552725331e-07 1.47635616432e-07
12000.0 2.1318659418e-07 1.56350972103e-07
13000.0 2.16749131731e-07 1.56053288692e-07
14000.0 2.17072846157e-07 1.56938320997e-07
15000.0 2.23895751205e-07 1.81408135908e-07
16000.0 2.14805764195e-07 1.62837094191e-07
17000.0 2.17524565087e-07 1.64932758267e-07
18000.0 2.20080539509e-07 1.79165578647e-07
19000.0 1.96809658194e-07 1.82155565323e-07
20000.0 1.90997072227e-07 1.72056573646e-07
21000.0 1.97733057741e-07 1.79647957167e-07
22000.0 1.87056451558e-07 1.76766306048e-07
23000.0 1.5852000234e-07 1.69941335214e-07
24000.0 1.68020085766e-07 1.58099691125e-07
25000.0 1.87494362944e-07 1.82675234668e-07
26000.0 2.00107614028e-07 1.88135010833e-07
27000.0 1.91888651972e-07 1.90644341093e-07
28000.0 1.89245581892e-07 1.85181298135e-07
29000.0 1.94549758863e-07 1.82760642128e-07
30000.0 1.92272842073e-07 1.89726025047e-07
