0.0 -0.0384270719165 9.90269636508e-05
1000.0 -0.0408047319377 0.00014917539642
2000.0 -0.0434016096382 0.000183579679307
3000.0 -0.0451940123263 0.000189014902893
4000.0 -0.0473086353013 0.000189535825507
5000.0 -0.0492032280603 0.000173600596034
6000.0 -0.0513330130587 0.00013141257784
7000.0 -0.0540483827528 0.000166366500087
8000.0 -0.0557831485015 0.000174172909695
9000.0 -0.0587197307848 0.000190347506238
10000.0 -0.0620514731751 0.000185047057524
11000.0 -0.0661122710269 0.000225741386329
12000.0 -0.0703910472497 0.000182254625594
13000.0 -0.0757166665581 0.000219032516767
14000.0 -0.0818745647715 0.000168904521911
15000.0 -0.0845908857386 0.00025191124082
16000.0 -0.0781127078051 0.00022379391784
17000.0 -0.0729915686063 0.0001574442462
18000.0 -0.068222184064 0.000161534278685
19000.0 -0.0637993840555 0.000138326906926
20000.0 -0.0605246058081 0.000108428582636
21000.0 -0.0578879009097 0.00010089580461
22000.0 -0.0554336223649 0.000109358649906
23000.0 -0.0532539799363 0.000100183542028
24000.0 -0.0518786535861 7.60151632556e-05
25000.0 -0.050796728095 6.21570523596e-05
26000.0 -0.0501900080087 6.13768437799e-05
27000.0 -0.0496282683663 7.15152439135e-05
28000.0 -0.0494976794101 7.56987934189e-05
29000.0 -0.0495750821581 6.89573318146e-05
30000.0 -0.0492543016607 7.46854686911e-05
