0.0 -0.0605395097059 0.00757758876702
500.0 -0.0596141508997 0.00794551854022
1000.0 0.0599438443237 0.00794913952557
2000.0 -0.0600268937865 0.00807798732884
3000.0 -0.0605679036178 0.00793954608213
4000.0 -0.0604341839498 0.00813917377721
5000.0 -0.0610868505336 0.00797934445784
5250.0 -0.0610874097859 0.00790819844057
5500.0 -0.0615813616293 0.00785561232848
5750.0 -0.0613559344796 0.00785354576776
6000.0 -0.0618452163599 0.00767533408529
6250.0 -0.0617199714169 0.00780256985975
6500.0 0.0591506377232 0.00816079939033
6750.0 -0.0620555898775 0.00765685248899
7000.0 -0.0619291826488 0.00730632517047
7250.0 -0.0622483183481 0.00775937741653
7500.0 -0.0618805772324 0.00788667193929
7750.0 0.0600966339595 0.00811146964097
8000.0 -0.0618359867587 0.00773946081167
8250.0 -0.061942430029 0.00742585501476
8500.0 -0.0618304805266 0.00792768924472
8750.0 -0.0623934572384 0.00770888064722
9000.0 -0.0628424778759 0.00748175345358
9250.0 -0.0623729113175 0.00752801055748
9500.0 -0.0626261683979 0.00771495872959
9750.0 0.0598516164752 0.00787028652724
10000.0 0.060022927329 0.00788869320322
10250.0 -0.0632749914282 0.00759902400971
10500.0 -0.0633017343991 0.00750196864817
10750.0 -0.0634466013012 0.00757826256038
11000.0 -0.0644685543125 0.00731513380793
11250.0 0.0591675410012 0.00808536950197
11500.0 -0.0646231760407 0.00718574560446
11750.0 -0.0646765098923 0.00710166199554
12000.0 -0.0648567276359 0.0070178140742
12250.0 -0.0649102198946 0.00723892193254
12500.0 -0.0654997328892 0.00767023849601
12750.0 -0.0655456296155 0.00714225040197
13000.0 -0.0651917309264 0.00725660106486
13250.0 -0.0656985004364 0.00740063165848
13500.0 -0.066655000022 0.00741177618857
13750.0 -0.0666880410166 0.00723027444112
14000.0 -0.066837672056 0.00720036510085
14250.0 -0.0669368750983 0.00724183747794
14500.0 -0.0677621057805 0.00756554804572
14750.0 -0.0679237320261 0.00762692966035
15000.0 -0.0683158971671 0.00792444797017
15250.0 -0.0682447020729 0.00787196710177
15500.0 -0.0698182352165 0.00869734484045
15750.0 -0.0699299009873 0.00850013670216
16000.0 -0.0704944487555 0.00845690218775
16250.0 -0.0709326394582 0.00902396832042
16500.0 -0.0722843262789 0.00899301917208
16750.0 -0.0725654518218 0.00903965192887
17000.0 -0.0737579353822 0.00913323427969
17250.0 -0.0751220180476 0.00955859335031
17500.0 -0.0756624353998 0.00919170763256
17750.0 -0.0764975147565 0.008852905741
18000.0 -0.077663902652 0.00870230435652
18250.0 -0.0791059077142 0.00860541712782
18500.0 -0.0799552653674 0.00883515924793
18750.0 -0.0815635947575 0.00886442206298
19000.0 -0.0826160470189 0.00826773351566
19250.0 -0.0843077957644 0.00871294702487
19500.0 -0.0859819345827 0.00913913286591
19750.0 -0.0870554831208 0.0093060806384
20000.0 -0.0887097470423 0.00964052199555
20250.0 -0.0907638992699 0.00961517726824
20500.0 -0.0945486009483 0.0100927096743
20750.0 -0.0970233459464 0.0100488759197
21000.0 -0.0998660596126 0.00953910050124
21250.0 -0.1031585417 0.010323453007
21500.0 -0.100825331041 0.00940645232618
21750.0 -0.0988653502149 0.00886990918856
22000.0 -0.0969598483239 0.0084187249043
22250.0 -0.0952805196303 0.00902318702396
22500.0 -0.0929986888808 0.00849944936414
22750.0 -0.0908157106541 0.00874266949442
23000.0 -0.0893929662961 0.00874529332777
23250.0 -0.0878583868597 0.0084916236275
23500.0 -0.0866912342374 0.00810533563144
23750.0 -0.0857783177929 0.00803974263467
24000.0 -0.0848922649843 0.00754488864546
24250.0 -0.0840350530003 0.00706129257306
24500.0 -0.0835198304883 0.00688869598003
24750.0 -0.0831100840867 0.00647493883724
25000.0 -0.0827767934201 0.0065571400934
30000.0 -0.0809394341063 0.00552461831749
35000.0 -0.0803440571551 0.00533550676933
40000.0 -0.079949817991 0.00558768769545
