0.0 -0.0899232511228 0.0087060227641
5000.0 -0.0825299511728 0.00625589882754
10000.0 -0.0809396111213 0.0051774638072
15000.0 -0.0802702445209 0.00540631255676
16000.0 -0.0801808314248 0.00554081295787
17000.0 -0.0796861039162 0.00533497863236
18000.0 -0.0796910148313 0.00585090624719
19000.0 -0.0795780983388 0.00562121502343
20000.0 -0.0794692145524 0.00611456268188
21000.0 -0.0793937219832 0.00576579714014
22000.0 -0.0786988670358 0.00612432248727
23000.0 -0.079273794341 0.00677069719802
24000.0 -0.0780384368465 0.00677526319224
25000.0 -0.078217023454 0.00725162791551
26000.0 -0.078227892624 0.00690854213747
27000.0 -0.077769470995 0.00706479524172
28000.0 -0.0770906749101 0.00718127762866
29000.0 -0.0777941164088 0.00706813647516
30000.0 -0.077838048394 0.0071931274803
35000.0 -0.0775880341031 0.00731894659579
40000.0 -0.0758500307326 0.00753553509205
