0.0 -0.0602224083052 0.00770660804365
5000.0 -0.0609992749038 0.00864093677242
10000.0 -0.0632302959322 0.00727464886843
15000.0 -0.0679189625068 0.00811629328862
16000.0 -0.0698865691946 0.00849499172538
17000.0 -0.0729376199879 0.00924703326039
18000.0 -0.0766743742191 0.00902803708508
19000.0 -0.0822418704726 0.00833959337033
20000.0 -0.0887205776004 0.0096794783893
21000.0 -0.100256111141 0.00978384053849
22000.0 -0.0965469026833 0.00803333867738
23000.0 -0.0891543026347 0.00862729869464
24000.0 -0.0846925880382 0.00754744409237
25000.0 -0.0827353951114 0.0062258139223
26000.0 -0.0824336728264 0.00600945138669
27000.0 -0.0819000386006 0.0058270718486
28000.0 -0.0814246376924 0.00543579118616
29000.0 -0.0814066665521 0.00553487198552
30000.0 -0.0807619284039 0.00533655117646
32000.0 -0.0803622132227 0.00532465809931
34000.0 -0.0804076357029 0.00535151514717
36000.0 -0.0804828510476 0.00578711989237
38000.0 -0.0801729897045 0.00537413640978
40000.0 -0.0798977094363 0.00534874392747
