0.0 -1.06608436377e-09 5.43783337372e-10
1000.0 -2.06230663728e-09 5.79693313245e-10
2000.0 -2.96975646477e-09 5.70538827617e-10
3000.0 -4.17403713772e-09 5.88301411759e-10
4000.0 -5.40232975666e-09 6.05050023486e-10
5000.0 -6.87202440509e-09 6.12393740526e-10
5500.0 -7.48508278527e-09 6.26130824528e-10
6000.0 -8.16863101975e-09 6.53123095163e-10
6500.0 -8.99855867785e-09 6.4782399824e-10
7000.0 -9.83868041951e-09 6.4847020346e-10
7500.0 -1.02581409848e-08 6.61396648303e-10
8000.0 -1.02835061769e-08 6.51224279226e-10
8500.0 -1.01417596862e-08 6.49687984833e-10
9000.0 -1.01454070863e-08 6.33286765203e-10
9500.0 -1.01058726052e-08 6.1606834902e-10
10000.0 -1.00211354674e-08 6.06382092007e-10
10500.0 -1.00926791468e-08 6.18788891238e-10
11000.0 -9.96727026982e-09 5.92693535118e-10
11500.0 -9.88298620084e-09 5.98712699587e-10
12000.0 -9.86193338127e-09 5.87996008331e-10
12500.0 -9.86796948943e-09 5.88709740302e-10
13000.0 -9.75236165719e-09 5.82570683231e-10
13500.0 -9.78709046647e-09 5.68733044515e-10
14000.0 -9.79031868992e-09 5.53798724894e-10
14500.0 -9.77663028647e-09 5.6129136086e-10
15000.0 -9.77053318546e-09 5.57089642789e-10
16000.0 -9.67693621398e-09 5.46458937213e-10
17000.0 -9.47947998465e-09 5.34083552364e-10
18000.0 -9.36699800707e-09 5.36674608917e-10
19000.0 -9.27353371805e-09 5.49816743365e-10
20000.0 -9.0783587961e-09 5.36058283704e-10
21000.0 -8.8991240007e-09 5.2174177839e-10
22000.0 -8.55657377709e-09 5.14445815043e-10
23000.0 -8.17974613485e-09 5.10565924687e-10
24000.0 -7.97578737245e-09 5.22271635837e-10
25000.0 -7.72685008843e-09 5.11831200909e-10
26000.0 -7.60654950181e-09 5.24437829147e-10
27000.0 -7.55795374063e-09 5.1018978579e-10
28000.0 -7.45524104437e-09 5.07307391751e-10
29000.0 -7.44734525689e-09 5.05541268042e-10
30000.0 -7.46932504857e-09 5.0810527718e-10
