0.0 -0.0697978809632 0.000704316190051
1000.0 -0.0742624970061 0.000777894450763
2000.0 -0.0782315906185 0.00078000987886
3000.0 -0.0824299079456 0.000686049685258
4000.0 -0.0865947480098 0.000767737053853
5000.0 -0.0917397356657 0.000853155960395
5500.0 -0.0942239056444 0.000833203379986
6000.0 -0.0963001984993 0.000818206451415
6500.0 -0.0993985918719 0.000797597638255
7000.0 -0.101801098101 0.000817899133531
7500.0 -0.101894395292 0.000809076441322
8000.0 -0.100419539742 0.000784979756718
8500.0 -0.0985875541937 0.000755547625637
9000.0 -0.0975451292733 0.000707075970501
9500.0 -0.0959896138051 0.000695632391806
10000.0 -0.0943862241781 0.00071811181297
10500.0 -0.0929687762148 0.000717273467691
11000.0 -0.092103951481 0.000714172398414
11500.0 -0.0906605951535 0.000759531431742
12000.0 -0.0895556492831 0.000737190979492
12500.0 -0.0885882406493 0.000708968053149
13000.0 -0.0869606359669 0.000689397136611
13500.0 -0.0866574156064 0.00069125948595
14000.0 -0.0856645829977 0.000660090037374
14500.0 -0.0851975455463 0.000652977743181
15000.0 -0.0845714134098 0.000625772466583
16000.0 -0.083540768396 0.000581482243635
17000.0 -0.0826287395624 0.000527249750996
18000.0 -0.0824449528273 0.000513185979082
19000.0 -0.0817675820965 0.000481181070828
20000.0 -0.0811050473085 0.000426780042286
21000.0 -0.0808340157883 0.000483638382233
22000.0 -0.0801132614054 0.000483253467206
23000.0 -0.0797510301038 0.000504391131726
24000.0 -0.0791851222617 0.000534939656255
25000.0 -0.0785186075515 0.000543002147108
26000.0 -0.0782444304434 0.000560678867226
27000.0 -0.0779885100111 0.000549877737431
28000.0 -0.0782098059422 0.000549076164855
29000.0 -0.0777582687812 0.000598724754119
30000.0 -0.0780327336637 0.000569205212176
