0.0 7.94410564111e-10 5.06299465664e-10
500.0 9.39491999797e-10 5.02257381296e-10
1000.0 9.28908800059e-10 5.00501021305e-10
2000.0 9.02376416943e-10 5.10965865937e-10
3000.0 8.70236041832e-10 5.10793795566e-10
4000.0 8.41779070594e-10 5.03554141192e-10
5000.0 7.57540451347e-10 5.04868933972e-10
5250.0 7.45313428981e-10 5.21405369579e-10
5500.0 7.4145700544e-10 5.02901565116e-10
5750.0 7.0501627272e-10 5.09222265726e-10
6000.0 6.65395938853e-10 4.92244078826e-10
6250.0 6.13671175586e-10 5.13913243154e-10
6500.0 6.39076706888e-10 5.0532513203e-10
6750.0 6.01103754649e-10 5.05791295834e-10
7000.0 5.89669244774e-10 5.07115818974e-10
7250.0 5.92788572091e-10 5.185353611e-10
7500.0 6.492514321e-10 5.0767342717e-10
7750.0 7.24807533754e-10 5.10420455359e-10
8000.0 7.88249619821e-10 5.31226885195e-10
8250.0 7.61896314814e-10 5.05910763114e-10
8500.0 7.56176758503e-10 5.08429775065e-10
8750.0 7.74550065338e-10 5.05577245328e-10
9000.0 5.40398428111e-10 5.10425826215e-10
9250.0 6.54919476697e-10 5.19237755532e-10
9500.0 7.05449765981e-10 5.24447756245e-10
9750.0 5.57880050291e-10 5.05763053846e-10
10000.0 6.81058786403e-10 5.31321657884e-10
10250.0 6.24489766452e-10 5.20465320709e-10
10500.0 5.25522775075e-10 5.211083657e-10
10750.0 4.81913562664e-10 5.25369627438e-10
11000.0 2.60083481745e-10 4.99115996321e-10
11250.0 2.34494343512e-10 5.34742150605e-10
11500.0 1.28941167612e-10 5.22167820722e-10
11750.0 3.80126595697e-11 5.2048904735e-10
12000.0 5.10575480822e-13 5.30895814226e-10
12250.0 -4.53226106876e-11 5.21013422686e-10
12500.0 -6.580592148e-11 5.28065319149e-10
12750.0 -5.23335492059e-11 5.20619475842e-10
13000.0 -3.8486734086e-11 5.24106547655e-10
13250.0 -7.80794563068e-11 5.2691168032e-10
13500.0 -2.34693986582e-10 5.28283101187e-10
13750.0 -4.02600334229e-10 5.08669035295e-10
14000.0 -3.9328778194e-10 5.26220685515e-10
14250.0 -5.33286254688e-10 5.41130104099e-10
14500.0 -6.56263803278e-10 5.3400108121e-10
14750.0 -7.27056994008e-10 5.30065891385e-10
15000.0 -7.11240866599e-10 5.45107261596e-10
15250.0 -8.55840543749e-10 5.37016306013e-10
15500.0 -1.11446795917e-09 5.56294454817e-10
15750.0 -1.21191830763e-09 5.29687950712e-10
16000.0 -1.3243894272e-09 5.34114611852e-10
16250.0 -1.55408943817e-09 5.3751197994e-10
16500.0 -1.75911467769e-09 5.60074275924e-10
16750.0 -1.83935546415e-09 5.71789684608e-10
17000.0 -2.15616163276e-09 5.6699875355e-10
17250.0 -2.34937177695e-09 5.54964263845e-10
17500.0 -2.54076628712e-09 5.79285724995e-10
17750.0 -2.75559187165e-09 5.61242944686e-10
18000.0 -3.05609690354e-09 5.73003157816e-10
18250.0 -3.36538733432e-09 5.80365713178e-10
18500.0 -3.52463355324e-09 5.9510426495e-10
18750.0 -3.89401146665e-09 5.78218273182e-10
19000.0 -4.30299935974e-09 5.83747027076e-10
19250.0 -4.77149003277e-09 5.94937768443e-10
19500.0 -5.25942221483e-09 5.825836076e-10
19750.0 -5.63486686612e-09 5.89142551717e-10
20000.0 -6.16696697991e-09 6.27185458386e-10
20250.0 -6.81588482457e-09 6.29084594061e-10
20500.0 -7.65687675906e-09 6.46429907313e-10
20750.0 -8.40847499555e-09 6.45779812155e-10
21000.0 -9.32460579932e-09 6.66568557199e-10
21250.0 -1.03609888265e-08 6.61240232174e-10
21500.0 -1.01220547925e-08 6.31521075415e-10
21750.0 -1.03104458723e-08 6.25342162554e-10
22000.0 -1.0255535246e-08 6.48764149996e-10
22250.0 -1.03466984022e-08 6.14279009645e-10
22500.0 -1.02008890787e-08 6.17633642039e-10
22750.0 -1.00982286515e-08 5.96122920798e-10
23000.0 -1.02031989443e-08 5.91875307916e-10
23250.0 -1.00719598689e-08 5.49090434293e-10
23500.0 -1.00081253763e-08 5.63082920131e-10
23750.0 -9.94851954731e-09 5.56071891174e-10
24000.0 -9.94406348707e-09 5.51315041205e-10
24250.0 -9.81319583739e-09 5.52828720589e-10
24500.0 -9.66733812644e-09 5.43874147711e-10
24750.0 -9.71309789371e-09 5.34858729694e-10
25000.0 -9.62751720547e-09 5.47303047633e-10
30000.0 -8.9913719636e-09 5.22217484444e-10
35000.0 -8.66935330199e-09 5.21772389275e-10
40000.0 -8.47349217321e-09 5.18191908832e-10
