0.0 -0.0605395097059 0.000645047192533
500.0 -0.0596141508997 0.000671518880029
1000.0 0.0599438443237 0.000669438312228
2000.0 -0.0600268937865 0.000680289254734
3000.0 -0.0605679036178 0.000668630398546
4000.0 -0.0604341839498 0.000685442083237
5000.0 -0.0610868505336 0.000671982026402
5250.0 -0.0610874097859 0.00066599045089
5500.0 -0.0615813616293 0.000661561901358
5750.0 -0.0613559344796 0.00066138786555
6000.0 -0.0618452163599 0.000646379734475
6250.0 -0.0617199714169 0.000657094919664
6500.0 0.0591506377232 0.000687263288401
6750.0 -0.0620555898775 0.000644823303293
7000.0 -0.0619291826488 0.000615303577825
7250.0 -0.0622483183481 0.000653457459761
7500.0 -0.0618805772324 0.00066417759245
7750.0 0.0600966339595 0.000683108974082
8000.0 -0.0618359867587 0.000651780179056
8250.0 -0.061942430029 0.000625369806624
8500.0 -0.0618304805266 0.000667631872706
8750.0 -0.0623934572384 0.000649204864633
9000.0 -0.0628424778759 0.000630077304388
9250.0 -0.0623729113175 0.000633972855279
9500.0 -0.0626261683979 0.000649716731507
9750.0 0.0598516164752 0.000662797691826
10000.0 0.060022927329 0.000662004427746
10250.0 -0.0632749914282 0.000637695929019
10500.0 -0.0633017343991 0.000629551224007
10750.0 -0.0634466013012 0.000635953666894
11000.0 -0.0644685543125 0.000613872392506
11250.0 0.0591675410012 0.000678509136099
11500.0 -0.0646231760407 0.000603014375672
11750.0 -0.0646765098923 0.000595958235958
12000.0 -0.0648567276359 0.000588921874706
12250.0 -0.0649102198946 0.000607476833995
12500.0 -0.0654997328892 0.000643672115954
12750.0 -0.0655456296155 0.000599364339362
13000.0 -0.0651917309264 0.000608960433823
13250.0 -0.0656985004364 0.000621047212742
13500.0 -0.066655000022 0.000621982440931
13750.0 -0.0666880410166 0.000606751152636
14000.0 -0.066837672056 0.000604241216556
14250.0 -0.0669368750983 0.00060772150113
14500.0 -0.0677621057805 0.000634886688527
14750.0 -0.0679237320261 0.000640037719201
15000.0 -0.0683158971671 0.000665004901136
15250.0 -0.0682447020729 0.000660600804493
15500.0 -0.0698182352165 0.000729864965679
15750.0 -0.0699299009873 0.000713315626343
16000.0 -0.0704944487555 0.00070968746649
16250.0 -0.0709326394582 0.000757274599235
16500.0 -0.0722843262789 0.000754677404401
16750.0 -0.0725654518218 0.00075859073842
17000.0 -0.0737579353822 0.000766443994847
17250.0 -0.0751220180476 0.000802139335112
17500.0 -0.0756624353998 0.000771350969616
17750.0 -0.0764975147565 0.000742919346461
18000.0 -0.077663902652 0.000730281159021
18250.0 -0.0791059077142 0.000722150563403
18500.0 -0.0799552653674 0.000741430093844
18750.0 -0.0815635947575 0.000743885774733
19000.0 -0.0826160470189 0.000693812784171
19250.0 -0.0843077957644 0.00073117427191
19500.0 -0.0859819345827 0.000766938993207
19750.0 -0.0870554831208 0.000780948939055
20000.0 -0.0887097470423 0.000809014634291
20250.0 -0.0907638992699 0.000806887752022
20500.0 -0.0945486009483 0.000846961381341
20750.0 -0.0970233459464 0.000843282934363
21000.0 -0.0998660596126 0.000800503531556
21250.0 -0.1031585417 0.000866324931673
21500.0 -0.100825331041 0.000789371943983
21750.0 -0.0988653502149 0.000744346244082
22000.0 -0.0969598483239 0.000706483700031
22250.0 -0.0952805196303 0.000757209034293
22500.0 -0.0929986888808 0.000713257946217
22750.0 -0.0908157106541 0.000733668526147
23000.0 -0.0893929662961 0.00073388871335
23250.0 -0.0878583868597 0.000712601224987
23500.0 -0.0866912342374 0.000680184656465
23750.0 -0.0857783177929 0.000674680214452
24000.0 -0.0848922649843 0.00063315299017
24250.0 -0.0840350530003 0.000592570509279
24500.0 -0.0835198304883 0.000578086524942
24750.0 -0.0831100840867 0.000543364796833
25000.0 -0.0827767934201 0.000550262973012
30000.0 -0.0809394341063 0.000463615670374
35000.0 -0.0803440571551 0.000447745781789
40000.0 -0.079949817991 0.000468908335
