0.0 -1.31889652557e-09 5.59400639456e-10
5000.0 -6.78434813317e-09 6.1028079528e-10
10000.0 -1.0200205354e-08 6.19939559885e-10
15000.0 -9.83297623894e-09 5.51622779309e-10
16000.0 -9.79729559212e-09 5.53733437017e-10
17000.0 -9.74844870628e-09 5.324735944e-10
18000.0 -9.62493630922e-09 5.12724444922e-10
19000.0 -9.48507353723e-09 5.28821983184e-10
20000.0 -9.31269211753e-09 5.16369842593e-10
21000.0 -9.10831698766e-09 5.1215569401e-10
22000.0 -8.78027013659e-09 5.35641915351e-10
23000.0 -8.6797692755e-09 5.11025270524e-10
24000.0 -8.42120332779e-09 5.08478593638e-10
25000.0 -8.16254446831e-09 5.20235861565e-10
26000.0 -7.92189536228e-09 5.00531181629e-10
27000.0 -7.88701524317e-09 5.20539080761e-10
28000.0 -7.77431630942e-09 5.44642177268e-10
29000.0 -7.8242239451e-09 5.26041679868e-10
30000.0 -7.85558907596e-09 5.30027556945e-10
32000.0 -7.61742248912e-09 5.02042156773e-10
34000.0 -7.66478558845e-09 5.14760881375e-10
35000.0 -7.74067955609e-09 5.29690150874e-10
36000.0 -7.58180653694e-09 5.22627534203e-10
38000.0 -7.63848219166e-09 5.16317501526e-10
40000.0 -7.70563741754e-09 5.23849423572e-10
