0.0 -1.00434775827e-08 5.76516989139e-10
5000.0 -9.54860821251e-09 5.16218389546e-10
10000.0 -9.06236924616e-09 5.17911322819e-10
15000.0 -8.65224315289e-09 4.98811882375e-10
16000.0 -8.61535689123e-09 5.0875356581e-10
17000.0 -8.49259367122e-09 5.12628516672e-10
18000.0 -8.45101350604e-09 5.22430597003e-10
19000.0 -8.45699498103e-09 4.98680350204e-10
20000.0 -8.16214808836e-09 5.22602804972e-10
21000.0 -8.05981149066e-09 5.31787537479e-10
22000.0 -8.01104667711e-09 5.10975771301e-10
23000.0 -7.97614452442e-09 5.02065561509e-10
24000.0 -7.81568062294e-09 5.07819873827e-10
25000.0 -7.74551451932e-09 5.078262256e-10
26000.0 -7.66520841942e-09 5.088073032e-10
27000.0 -7.53737076419e-09 5.0501256477e-10
28000.0 -7.43851917005e-09 5.0203746717e-10
29000.0 -7.51226691934e-09 5.009895442e-10
30000.0 -7.46167755816e-09 5.05549290104e-10
35000.0 -7.15284563344e-09 5.22629735177e-10
40000.0 -6.75652759999e-09 5.16563712824e-10
