0.0 3.24112635177e-10 5.27649388689e-10
1000.0 1.47534340925e-10 5.12996786684e-10
1500.0 1.33595266411e-11 5.27079729735e-10
2000.0 -1.76929545227e-10 5.07369564106e-10
2500.0 -3.44745426515e-10 5.31141724127e-10
3000.0 -5.93310792199e-10 5.41643481448e-10
3500.0 -7.82243389455e-10 5.41423886964e-10
4000.0 -9.14458632817e-10 5.36195825238e-10
4500.0 -1.00709649488e-09 5.31922678124e-10
5000.0 -1.25361151641e-09 5.45668053442e-10
5500.0 -1.5626178096e-09 5.49580508683e-10
6000.0 -1.73550863983e-09 5.40337710163e-10
6500.0 -2.00736494389e-09 5.76158539259e-10
7000.0 -2.22004491975e-09 5.5351926258e-10
7500.0 -2.46567240909e-09 5.64313965264e-10
8000.0 -2.83038318284e-09 5.72203429269e-10
8500.0 -3.11331719109e-09 5.76321771756e-10
9000.0 -3.52265215593e-09 5.91050613834e-10
9500.0 -3.91643581677e-09 6.08348553175e-10
10000.0 -4.44945758689e-09 5.95106076186e-10
10500.0 -4.95598872775e-09 5.96514649072e-10
11000.0 -5.24321638341e-09 6.11783676881e-10
11500.0 -5.724646496e-09 6.30130283486e-10
12000.0 -6.43505391254e-09 6.32997270149e-10
12500.0 -7.18246714224e-09 6.1920939979e-10
13000.0 -8.0235422121e-09 6.35648632215e-10
13500.0 -8.71443240127e-09 6.55107482111e-10
14000.0 -9.90695011287e-09 6.54137309354e-10
14500.0 -1.01590820258e-08 6.81617361723e-10
15000.0 -1.00713087156e-08 6.51832749753e-10
15500.0 -1.01421215678e-08 6.24707069438e-10
16000.0 -1.00692667676e-08 6.0601208e-10
16500.0 -1.00525254061e-08 6.06810648593e-10
17000.0 -1.00161392327e-08 5.94302701183e-10
17500.0 -9.92517833261e-09 5.88369588736e-10
18000.0 -9.89769076498e-09 5.81067470473e-10
18500.0 -9.75903957518e-09 5.79629292752e-10
19000.0 -9.72142786189e-09 5.59103098853e-10
19500.0 -9.67405935455e-09 5.52981163861e-10
20000.0 -9.4991441e-09 5.36126309145e-10
20500.0 -9.53454536627e-09 5.37427935316e-10
21000.0 -9.46712249336e-09 5.38658100863e-10
22000.0 -9.15722661852e-09 5.43021357358e-10
23000.0 -8.90575153823e-09 5.29154095729e-10
24000.0 -8.66121659992e-09 5.08514039106e-10
25000.0 -8.44134558429e-09 5.21842559905e-10
26000.0 -8.29238458767e-09 5.21132565665e-10
27000.0 -8.32015409764e-09 5.10831078725e-10
28000.0 -8.21061092397e-09 5.29516968323e-10
29000.0 -8.06638086112e-09 5.26082489168e-10
30000.0 -7.84432224533e-09 5.52540872058e-10
35000.0 -7.68990169661e-09 5.34381279771e-10
40000.0 -7.59152161556e-09 5.14057855469e-10
