0.0 6.7540523267e-10 4.8166925384e-11
5000.0 5.99956308555e-10 5.15187022288e-11
10000.0 3.41555304937e-10 4.94333179233e-11
15000.0 -7.15678430589e-10 5.23992465697e-11
16000.0 -1.19694692177e-09 5.29746358678e-11
17000.0 -1.82132401908e-09 5.46156146654e-11
18000.0 -2.83606118333e-09 5.41225348746e-11
19000.0 -4.17898692889e-09 5.84289111133e-11
20000.0 -6.23659426288e-09 6.08071375373e-11
21000.0 -9.53566274564e-09 6.32963652966e-11
22000.0 -1.04834229814e-08 6.16242354386e-11
23000.0 -1.03256722239e-08 5.8438893134e-11
24000.0 -1.00500648764e-08 5.37506727961e-11
25000.0 -9.82696842958e-09 5.32256476464e-11
26000.0 -9.73086641597e-09 5.14351784384e-11
27000.0 -9.50946760404e-09 5.1679967791e-11
28000.0 -9.48842811391e-09 5.20496328187e-11
29000.0 -9.34355656789e-09 4.82725327393e-11
30000.0 -9.149481834e-09 5.04336277527e-11
32000.0 -9.09434948758e-09 5.31152011489e-11
34000.0 -8.95168381425e-09 5.05079759925e-11
36000.0 -8.8380627922e-09 5.07984926596e-11
38000.0 -8.78660877076e-09 5.02628827667e-11
40000.0 -8.61338247886e-09 5.12857540407e-11
