0.0 -0.0899232511228 0.000879441104808
5000.0 -0.0825299511728 0.000622485199159
10000.0 -0.0809396111213 0.000512645306755
15000.0 -0.0802702445209 0.000535304709464
16000.0 -0.0801808314248 0.000548622233633
17000.0 -0.0796861039162 0.000528241598466
18000.0 -0.0796910148313 0.000579326044485
19000.0 -0.0795780983388 0.0005565832244
20000.0 -0.0794692145524 0.000605431921584
21000.0 -0.0793937219832 0.000570898987161
22000.0 -0.0786988670358 0.000606398286316
23000.0 -0.079273794341 0.000670398919485
24000.0 -0.0780384368465 0.000670851020282
25000.0 -0.078217023454 0.000718018156312
26000.0 -0.078227892624 0.000684047602296
27000.0 -0.077769470995 0.000699518965022
28000.0 -0.0770906749101 0.000711052439945
29000.0 -0.0777941164088 0.00069984979643
30000.0 -0.077838048394 0.000712225750093
35000.0 -0.0775880341031 0.0007246836989
40000.0 -0.0758500307326 0.00074612915564
