0.0 -0.0700165441622 0.00930782360651
5000.0 -0.0911701392236 0.0101029622671
10000.0 -0.0944822503249 0.00933458922096
15000.0 -0.0841558617619 0.0073764114335
16000.0 -0.0839674382295 0.00704976016635
17000.0 -0.0832592442813 0.00660248075341
18000.0 -0.0822953832065 0.00576645831471
19000.0 -0.0819089449814 0.00583218738835
20000.0 -0.0812664801917 0.00529400903503
21000.0 -0.0813332635982 0.00590462252662
22000.0 -0.0801935709347 0.00573492903277
23000.0 -0.0798200330461 0.00546628506759
24000.0 -0.0801782265949 0.00596239632295
25000.0 -0.079209752768 0.00630326671543
26000.0 -0.0782054933831 0.00663010220694
27000.0 -0.0783986742016 0.00621845623741
28000.0 -0.0779502685004 0.00670704913888
29000.0 -0.0784354930231 0.0064625143891
30000.0 -0.0783482817519 0.006594943391
32000.0 -0.0781221445798 0.00710054997739
34000.0 -0.0780990440755 0.00656835988076
35000.0 -0.0782322922639 0.00639173817351
36000.0 -0.0775936846809 0.00725847203821
38000.0 -0.0783692013297 0.00656791301436
40000.0 -0.0780073694711 0.00688534813032
