0.0 -0.0602224083052 0.000770660804365
5000.0 -0.0609992749038 0.000851416799263
10000.0 -0.0632302959322 0.000713338010282
15000.0 -0.0679189625068 0.000795868035706
16000.0 -0.0698865691946 0.000833002472606
17000.0 -0.0729376199879 0.000906746212261
18000.0 -0.0766743742191 0.000885271870505
19000.0 -0.0822418704726 0.000817764410207
20000.0 -0.0887205776004 0.000949150945931
21000.0 -0.100256111141 0.000959384496608
22000.0 -0.0965469026833 0.000787733666832
23000.0 -0.0891543026347 0.000845976238338
24000.0 -0.0846925880382 0.000740087782784
25000.0 -0.0827353951114 0.000610491282265
26000.0 -0.0824336728264 0.000589275190129
27000.0 -0.0819000386006 0.00057139140506
28000.0 -0.0814246376924 0.000533023179424
29000.0 -0.0814066665521 0.000542738851142
30000.0 -0.0807619284039 0.000523291895848
32000.0 -0.0803622132227 0.000522125683684
34000.0 -0.0804076357029 0.000524759233898
36000.0 -0.0804828510476 0.000567473793436
38000.0 -0.0801729897045 0.000526977431196
40000.0 -0.0798977094363 0.000524487493449
