0.0 0.0593687911407 0.000772448403791
1000.0 -0.0645821373014 0.00067928339757
1500.0 -0.0649823624464 0.00067750588652
2000.0 -0.0659724810616 0.000673908487452
2500.0 -0.0666561352017 0.000684562716447
3000.0 -0.0674785006543 0.000719446731699
3500.0 -0.0683496709306 0.000738812855402
4000.0 -0.0689951833863 0.000774250824929
4500.0 -0.0695481950877 0.000779850554516
5000.0 -0.070919999689 0.000838577082708
5500.0 -0.0717899173754 0.000828071317662
6000.0 -0.072499417243 0.000844901373797
6500.0 -0.0739466771529 0.000875226026225
7000.0 -0.0742610332464 0.000868420197167
7500.0 -0.0757821209527 0.000899383858796
8000.0 -0.0776398132647 0.000849779450119
8500.0 -0.0788395008263 0.000838930651421
9000.0 -0.080317615298 0.000843615764745
9500.0 -0.0818853825636 0.000814351854049
10000.0 -0.083364820299 0.000831340963193
10500.0 -0.0855090062659 0.00084587193601
11000.0 -0.0862091462786 0.000863960228098
11500.0 -0.08806700201 0.000897150298749
12000.0 -0.0905039899552 0.000931484870868
12500.0 -0.0931156845958 0.000927321371693
13000.0 -0.0962738492393 0.000914119540267
13500.0 -0.0986482294177 0.000881463826364
14000.0 -0.10240892187 0.000943781085137
14500.0 -0.101162284035 0.000910584165124
15000.0 -0.0982251181359 0.000828879940768
15500.0 -0.0963075628577 0.00079289430127
16000.0 -0.0947371385155 0.000806607027261
16500.0 -0.092380677996 0.000786728604655
17000.0 -0.0910746006118 0.000827221170571
17500.0 -0.0893341344589 0.00081996459549
18000.0 -0.0877425497433 0.000793044138395
18500.0 -0.0866247538727 0.000773345369822
19000.0 -0.0850965464339 0.000719113091849
19500.0 -0.084447887467 0.000680387075671
20000.0 -0.0837028347476 0.000647404313531
20500.0 -0.0827917201541 0.000578079063823
21000.0 -0.0827275760254 0.000602722585006
22000.0 -0.0818254317024 0.000531014414621
23000.0 -0.0811685243797 0.000501199249957
24000.0 -0.080463516483 0.000530026724392
25000.0 -0.0803255348962 0.000537340324312
26000.0 -0.079869049019 0.00056239828635
27000.0 -0.0795317052151 0.000541808898829
28000.0 -0.0797292069868 0.000534902944014
29000.0 -0.0795224352038 0.000539550832689
30000.0 -0.0788107320921 0.000594787517482
35000.0 -0.0784974786479 0.000608726947075
40000.0 -0.0784632931754 0.000630922592043
