0.0 2.80571598413e-09 4.74825218361e-12
5.0 2.80055150953e-09 5.1115213931e-12
10.0 2.83490597014e-09 5.17623374412e-12
15.0 2.80002039795e-09 5.10575601636e-12
20.0 2.79151053533e-09 3.69455270207e-12
25.0 2.77092085363e-09 4.98103018987e-12
30.0 2.83894520774e-09 4.48023108764e-12
35.0 2.86995824429e-09 4.60986052912e-12
40.0 2.88162376636e-09 4.98724073514e-12
45.0 2.80359865991e-09 5.39616164571e-12
50.0 2.75405142116e-09 4.630166471e-12
55.0 2.77631038124e-09 4.81819544119e-12
60.0 2.80888257657e-09 4.93437789807e-12
65.0 2.80703461965e-09 5.44644781366e-12
70.0 2.84256480745e-09 5.29257170791e-12
75.0 2.84762815165e-09 5.47696967756e-12
80.0 2.89431481621e-09 5.26464656045e-12
85.0 2.8701360525e-09 4.84472366993e-12
90.0 2.83628193089e-09 4.569950035e-12
95.0 2.76983882359e-09 5.23721738007e-12
100.0 2.70050282772e-09 5.38845705028e-12
105.0 2.73044612483e-09 4.92831695657e-12
110.0 2.71037584507e-09 4.85595888472e-12
115.0 2.74038401431e-09 4.87989544161e-12
120.0 2.71791370188e-09 5.25281490588e-12
125.0 2.69562197137e-09 4.72028170556e-12
130.0 2.69772740451e-09 5.04796691924e-12
135.0 2.67635796458e-09 4.81640879728e-12
140.0 2.74556318091e-09 5.1095898836e-12
145.0 2.73229043189e-09 5.3871561611e-12
150.0 2.75966221945e-09 4.85510269413e-12
155.0 2.71731063558e-09 5.47521378282e-12
160.0 2.65294696401e-09 5.44455134998e-12
165.0 2.560640469e-09 4.54089313884e-12
170.0 2.48033797809e-09 5.48862898444e-12
175.0 2.43175755085e-09 5.53043699587e-12
180.0 2.41623182241e-09 5.90009608295e-12
185.0 2.30337153817e-09 4.92286569302e-12
190.0 2.06451571192e-09 5.50052874901e-12
195.0 1.7806073734e-09 5.20704598186e-12
200.0 1.39244241975e-09 5.70607303505e-12
205.0 1.02210255627e-09 5.88223500305e-12
210.0 6.2142113605e-10 6.31354735956e-12
215.0 2.0816818529e-10 6.18467806321e-12
220.0 -2.16311860662e-10 5.99125487444e-12
225.0 -6.56843281742e-10 6.26545042857e-12
230.0 -1.10755774272e-09 3.43034787038e-12
235.0 -1.57395878845e-09 3.70513822135e-12
240.0 -2.00056574435e-09 6.59633569896e-12
245.0 -2.41907322794e-09 6.58644867569e-12
250.0 -2.88164086654e-09 7.31828147797e-12
255.0 -3.25268878178e-09 3.30573651448e-12
