0.0 5.72046985941e-08 2.53315908073e-09
5.0 6.00557080886e-08 2.46965318273e-09
10.0 6.17663713024e-08 2.72081770164e-09
15.0 6.07955080576e-08 2.64860915168e-09
20.0 5.47978972364e-08 1.86186487055e-09
25.0 5.50624142448e-08 2.69317267315e-09
30.0 5.69046887985e-08 2.24023416798e-09
35.0 5.56579463661e-08 2.35087353735e-09
40.0 6.05119758674e-08 2.36330903024e-09
45.0 6.04359493051e-08 2.68051159787e-09
50.0 5.96382610683e-08 2.32225301792e-09
55.0 5.98998884974e-08 2.42568943798e-09
60.0 6.18295766191e-08 2.49636714802e-09
65.0 6.8941530491e-08 2.78809355639e-09
70.0 5.96023659116e-08 2.60636892127e-09
75.0 6.36460967211e-08 2.76114766131e-09
80.0 5.60545765005e-08 2.67392131515e-09
85.0 6.20364084159e-08 2.43042935638e-09
90.0 6.40832775758e-08 2.26768982841e-09
95.0 5.89357675186e-08 2.66653196065e-09
100.0 6.50471697212e-08 2.87884646209e-09
105.0 5.8268539779e-08 2.51679766678e-09
110.0 6.27412709691e-08 2.41843332219e-09
115.0 5.94617386469e-08 2.41807912549e-09
120.0 6.12420157008e-08 2.87733850534e-09
125.0 6.14587463735e-08 2.31555816466e-09
130.0 6.02606186377e-08 2.63501667793e-09
135.0 6.80394494915e-08 2.51060631818e-09
140.0 6.05586936262e-08 2.49589624719e-09
145.0 6.6907008624e-08 2.60474309905e-09
150.0 6.16209688096e-08 2.37370193236e-09
155.0 6.57390787225e-08 2.75954045794e-09
160.0 5.74558972437e-08 2.56719090591e-09
165.0 6.35970732081e-08 2.16922008075e-09
170.0 -1.57189020915e-09 1.10452172201e-09
175.0 3.49293651079e-10 6.03318164429e-10
180.0 6.93780918764e-08 2.68347192693e-09
185.0 1.82756312299e-09 1.03119973883e-10
190.0 1.98970190014e-09 5.53256288022e-12
195.0 2.06239264454e-09 3.70309733001e-12
200.0 2.09183098047e-09 2.95296957284e-12
205.0 2.06984788303e-09 2.6807042915e-12
210.0 2.08442065369e-09 2.23388913543e-12
215.0 2.11826452337e-09 1.91446874115e-12
220.0 2.15571121192e-09 1.63843235648e-12
225.0 2.22136985103e-09 1.54349554084e-12
230.0 2.28548942587e-09 8.23698175409e-13
235.0 2.34572221908e-09 8.52335876738e-13
240.0 2.40513414667e-09 1.50635221839e-12
245.0 2.4642224936e-09 1.47540445555e-12
250.0 2.52259415421e-09 1.60432233901e-12
255.0 2.58300896744e-09 7.20326314972e-13
