0.0 0.0774679719848 0.000127042301361
5.0 0.07730298267 0.000137344520227
10.0 0.0776491777017 0.000145547477575
15.0 0.0771007601262 0.000140328522954
20.0 0.0775028680381 0.000106469553432
25.0 0.0772092740472 0.000141853850174
30.0 0.0773118830988 0.000120000968888
35.0 0.0777187187989 0.00012657397653
40.0 0.077908473059 0.000138755901235
45.0 0.077460837982 0.000147817409515
50.0 0.07705546975 0.000133889351209
55.0 0.0771369936301 0.000135326378029
60.0 0.0775833070166 0.000136255216505
65.0 0.0768633131108 0.000144954096873
70.0 0.077518734213 0.000155468182082
75.0 0.0776259222695 0.000150465375982
80.0 0.077775842515 0.000141781945159
85.0 0.0779139827498 0.000128476124536
90.0 0.0775660090921 0.000119931764915
95.0 0.077280879886 0.000148612358379
100.0 0.0776700774718 0.000155725169494
105.0 0.0773359463584 0.000132175595485
110.0 0.0769911735796 0.000125260464323
115.0 0.0772904657747 0.000132219964437
120.0 0.0769856699602 0.0001529601606
125.0 0.0772190908823 0.000133503971416
130.0 0.0772764063392 0.00014190413513
135.0 0.0770733476197 0.000140466096365
140.0 0.0775002675061 0.000138165302106
145.0 0.077537412573 0.000145833545841
150.0 0.0778422113759 0.000126487590012
155.0 0.0776421147806 0.000154083986308
160.0 0.0771364560747 0.000137585495236
165.0 0.0772342698782 0.00012327425727
170.0 -0.102082516806 0.000555429185206
175.0 -0.123596072331 0.000645978858772
180.0 0.0772966576005 0.000146849830999
185.0 -0.195853127119 0.000757025437064
190.0 -0.265886301664 0.000887108267699
195.0 -0.37051597701 0.000913209980993
200.0 -0.52669523906 0.0011231372656
205.0 -0.70018884283 0.00140593665889
210.0 -0.857306689311 0.00138762497853
215.0 -1.01480478055 0.0013658416339
220.0 -1.16961923475 0.00145334026373
225.0 -1.31085073183 0.00143831927069
230.0 -1.45218173396 0.000864965767051
235.0 -1.58333061738 0.000891455788991
240.0 -1.70992118798 0.00170212477499
245.0 -1.82594629759 0.0016894995617
250.0 -1.93980569915 0.00179516926708
255.0 -2.04359033286 0.000790831830118
