0.0 5.24884226012e-10 1.13947396748e-10
5.0 5.41327557974e-10 1.08396009222e-10
10.0 5.3166385345e-10 1.05978378108e-10
15.0 5.50132701529e-10 1.08196555178e-10
20.0 5.48647579362e-10 1.07064917298e-10
25.0 5.52552898263e-10 1.06696731768e-10
30.0 5.38641047135e-10 1.09215229513e-10
35.0 5.3312077851e-10 1.08378160853e-10
40.0 5.50407963548e-10 1.08176642233e-10
45.0 5.41251916264e-10 1.11565638245e-10
50.0 5.31805217085e-10 1.11173771034e-10
55.0 5.61867635481e-10 1.1368036091e-10
60.0 5.42900839607e-10 1.10965038277e-10
65.0 5.43033414144e-10 1.10944978915e-10
70.0 5.32710985183e-10 1.13349053895e-10
75.0 5.41018055522e-10 1.11203710269e-10
80.0 5.40742635754e-10 1.10800319101e-10
85.0 5.21059773644e-10 1.11940383262e-10
90.0 5.19155214368e-10 1.10269696986e-10
95.0 5.16268137882e-10 1.09379016122e-10
100.0 5.2106661367e-10 1.12027331183e-10
105.0 5.01593384012e-10 1.1259655793e-10
110.0 4.92286676695e-10 1.13767206687e-10
115.0 5.00695358045e-10 1.09051595743e-10
120.0 4.74196378465e-10 1.1290810605e-10
125.0 4.69303531024e-10 1.15498348426e-10
130.0 4.54262284013e-10 1.14629744887e-10
135.0 4.35495141606e-10 1.15680130017e-10
140.0 4.22680710653e-10 1.1806051832e-10
145.0 3.98181364188e-10 1.24233015415e-10
150.0 3.58735209629e-10 1.25394479603e-10
155.0 2.88635665961e-10 1.31307651072e-10
160.0 1.96613273442e-10 1.30332293913e-10
165.0 5.55977136767e-11 1.38630790306e-10
170.0 -3.7049308453e-11 1.42343960613e-10
175.0 -1.44099349625e-10 1.51376258653e-10
180.0 -2.23812971497e-10 1.54087168967e-10
185.0 -3.44871165466e-10 1.51611635844e-10
190.0 -4.45799597076e-10 1.60223054472e-10
195.0 -5.82560251143e-10 1.60440630438e-10
200.0 -7.46308463472e-10 1.65906989966e-10
205.0 -8.73317245646e-10 1.68160604382e-10
210.0 -9.90641610768e-10 1.80416136602e-10
215.0 -1.12295492614e-09 1.81470528956e-10
220.0 -1.24706312043e-09 1.86266130911e-10
225.0 -1.38970766604e-09 1.87194144898e-10
230.0 -1.50490071938e-09 1.94853519796e-10
235.0 -1.64208007601e-09 1.86527677165e-10
240.0 -1.70137902201e-09 2.0628871284e-10
245.0 -1.86935347981e-09 1.95711271721e-10
250.0 -2.02474088524e-09 1.9679204441e-10
255.0 -2.14577901234e-09 1.9820433366e-10
