0.0 3.23930203148e-08 1.85995159999e-09
5.0 8.72146831948e-09 1.99814064145e-09
10.0 2.71052897109e-08 1.75146766816e-09
15.0 2.9186364156e-08 1.49858849798e-09
20.0 3.24851138895e-08 1.7356469758e-09
25.0 1.4172585955e-08 2.17584293595e-09
30.0 3.06235755338e-08 1.58216884994e-09
35.0 3.0394420802e-08 1.44127582642e-09
40.0 3.1768260882e-08 1.55910155129e-09
45.0 3.22110937518e-08 1.58080306842e-09
50.0 2.75786726966e-08 1.68769305896e-09
55.0 1.28030475677e-08 1.96403895431e-09
60.0 2.89340215335e-08 1.60862062565e-09
65.0 3.0740854515e-08 1.80099280811e-09
70.0 3.12125483734e-08 1.55639109454e-09
75.0 3.36433268384e-08 1.87545211551e-09
80.0 2.91667921982e-08 1.61584670159e-09
85.0 3.07739177792e-08 1.57957554439e-09
90.0 2.65924033243e-08 1.82239429456e-09
95.0 3.16140074026e-08 1.61304382518e-09
100.0 2.78955306993e-08 1.74305773887e-09
105.0 3.12456338609e-08 1.74210376857e-09
110.0 3.20171026192e-08 1.61520806965e-09
115.0 2.96381335707e-08 1.7203359205e-09
120.0 2.69688956917e-08 1.81418671044e-09
125.0 2.81155992311e-08 1.75201245996e-09
130.0 1.62243846542e-08 1.28132339933e-09
135.0 1.80539086785e-08 1.23546615599e-09
140.0 1.47686894036e-08 1.04453986563e-09
145.0 1.24889137953e-08 7.48930001958e-10
150.0 6.16116793697e-09 4.1354193299e-10
155.0 2.59480906206e-09 1.56487649782e-10
160.0 2.00463469825e-09 3.32721639357e-11
165.0 2.10393767833e-09 7.65416344893e-12
170.0 2.20194024055e-09 6.76851549003e-12
175.0 2.27296614358e-09 4.64039445684e-12
180.0 2.32393368997e-09 5.97897228621e-12
185.0 2.36321249333e-09 6.65674086618e-12
190.0 2.42751324882e-09 5.82361482912e-12
195.0 2.48462058395e-09 6.00616222823e-12
200.0 2.54773588954e-09 6.03161368315e-12
205.0 2.62412826555e-09 5.87037110335e-12
210.0 2.69199763877e-09 5.60526947931e-12
215.0 2.75750183438e-09 6.03472084334e-12
220.0 2.82655333446e-09 5.57578331987e-12
225.0 2.88565395252e-09 5.80162934165e-12
230.0 2.95762590366e-09 5.74632614052e-12
235.0 3.00448572601e-09 5.85309788857e-12
240.0 3.04350444775e-09 5.94471471797e-12
245.0 3.12092748768e-09 6.06120335888e-12
250.0 3.18473473613e-09 5.09673292725e-12
255.0 3.2259997927e-09 5.9810330232e-12
