0.0 0.0314842687823 0.00332788797199
5.0 -0.0240909824508 0.00581527060723
10.0 0.0316777586564 0.00326213245174
15.0 0.0319178927629 0.00319923886014
20.0 0.0318048838975 0.00327236452737
25.0 -0.0240097253964 0.00592243488178
30.0 0.0316788276057 0.00327404107871
35.0 0.0318315637688 0.00333043759453
40.0 0.0317425584992 0.00330565547758
45.0 0.0315961888906 0.00329298271008
50.0 0.031557463266 0.00333965159459
55.0 -0.0238214906797 0.00596632787143
60.0 0.0316765132833 0.00323766841379
65.0 0.0315815425711 0.0032915934697
70.0 0.0316784094474 0.00329382237034
75.0 0.0317043841028 0.00342605941527
80.0 0.0317571776384 0.00335757317951
85.0 0.0315347574376 0.00318975990315
90.0 0.0315439989454 0.00326581680033
95.0 0.0313903669181 0.00326022582973
100.0 0.0315348090439 0.00330876525476
105.0 0.031478982568 0.00343350138962
110.0 0.0314287978675 0.00340867356027
115.0 0.0315841654171 0.00341848144559
120.0 0.0314270659872 0.00341075277713
125.0 0.031419776184 0.00344334550541
130.0 -0.0308169122379 0.00951549233141
135.0 -0.0341050949693 0.0111809030994
140.0 -0.0400995825465 0.0139967634617
145.0 -0.0494402188378 0.0174071794435
150.0 -0.0690533285558 0.0229265132853
155.0 -0.0992507788372 0.028026182499
160.0 -0.133712016174 0.0300953352051
165.0 -0.166733818065 0.0334603562855
170.0 -0.20430822072 0.0356167315681
175.0 -0.24255953865 0.0409470621044
180.0 -0.278307396849 0.043139793009
185.0 -0.320631927994 0.0441419095109
190.0 -0.354184339067 0.0458464897777
195.0 -0.389941098268 0.0466142283553
200.0 -0.422742138943 0.0463752792153
205.0 -0.457336323494 0.048264732166
210.0 -0.486750749872 0.0488515521329
215.0 -0.519696682906 0.0505322294795
220.0 -0.549241271447 0.051041235107
225.0 -0.579693799564 0.0532324032777
230.0 -0.610289234764 0.0548216623263
235.0 -0.640761809147 0.0516877132338
240.0 -0.654631028231 0.055537682107
245.0 -0.694876183007 0.0542256405556
250.0 -0.72118836781 0.058284447757
255.0 -0.750818555985 0.0569637541242
