0.0 -0.0489343606976 0.00720519413097
1000.0 -0.0536761380857 0.00680798159315
2000.0 -0.0580358340455 0.00739172255745
3000.0 -0.0624098605737 0.00763537014816
4000.0 -0.067503968407 0.00822467659357
5000.0 -0.0722957017551 0.00794443428083
6000.0 -0.0772034587882 0.00871706683281
7000.0 -0.0829337267034 0.00884552939016
8000.0 -0.0844969399599 0.00875088159474
9000.0 -0.0803322493164 0.00818608168756
10000.0 -0.0765979296753 0.00710898657009
11000.0 -0.072700595967 0.00643649420117
12000.0 -0.0693971000444 0.00555105916376
13000.0 -0.0662241044913 0.00507419044419
14000.0 -0.0633870616765 0.00465037765205
15000.0 -0.0612072845445 0.00414269116087
16000.0 -0.0592266391271 0.00366389841235
17000.0 -0.0570414376753 0.00345419537969
18000.0 -0.0556281601504 0.00352925419821
19000.0 -0.0543717778169 0.00350683429124
20000.0 -0.0531145722642 0.00305047297508
21000.0 -0.0523219879126 0.00284666929104
22000.0 -0.0515035468434 0.00247348519802
23000.0 -0.0508348734793 0.00258883108063
24000.0 -0.04983448601 0.00312607802919
25000.0 -0.0493952628164 0.0031568589051
26000.0 -0.0486107110065 0.00328862595252
27000.0 -0.0483156259861 0.00334478991191
28000.0 -0.0479810608308 0.00336014895478
29000.0 -0.0475404558836 0.00325869176746
30000.0 -0.0476881286597 0.00335194103112
