0.0 -0.0311263347697 0.0032030525608
1000.0 -0.0312748878154 0.00335173934831
2000.0 -0.0312168802818 0.00339197535369
3000.0 -0.0314160047345 0.00335353363814
4000.0 -0.0316805895086 0.00331208839082
5000.0 -0.0316856620936 0.00331350212962
6000.0 -0.0316454227705 0.0033642826138
7000.0 -0.0317493224304 0.00346031595123
8000.0 -0.0317911919987 0.00360532629101
9000.0 -0.032036941056 0.00345506164795
10000.0 -0.0320363296342 0.00380182839612
11000.0 -0.0322350426547 0.00382593403712
12000.0 -0.0325432554525 0.00389785252867
13000.0 -0.0328369082053 0.00399285847574
14000.0 -0.0332942642926 0.00436661223272
15000.0 -0.0337053194021 0.00445353052759
16000.0 -0.0339683391918 0.00451446452279
17000.0 -0.0346265628281 0.00436703274252
18000.0 -0.0357344567945 0.00514945326216
19000.0 -0.0364975073567 0.00501662828954
20000.0 -0.0383445238902 0.00570658280749
21000.0 -0.0382024464868 0.0056832538079
22000.0 -0.0424698813469 0.00584669975059
23000.0 -0.0462876638621 0.00625465939403
24000.0 -0.0532789160939 0.00651792211489
25000.0 -0.0628822588492 0.00815552264101
26000.0 -0.0739973217137 0.00843157703601
27000.0 -0.0845250247383 0.00877961995931
28000.0 -0.07985656894 0.00801145528776
29000.0 -0.0756387777663 0.00700871451807
30000.0 -0.0718979013004 0.00616660895506
