0.0 -0.0319390774827 0.0040053611187
1000.0 -0.0328946021861 0.00423032703004
2000.0 -0.0332733587984 0.00431047260485
3000.0 -0.0343607886973 0.00485100396539
4000.0 -0.0350480430335 0.00484562626346
5000.0 -0.0355326003142 0.00491756973194
6000.0 -0.0362208584228 0.00514630927208
7000.0 -0.0367703895154 0.00509390874356
8000.0 -0.0380178112121 0.00561725631658
9000.0 -0.0387681818524 0.00574300566407
10000.0 -0.0402002212757 0.00607622594224
11000.0 -0.0410406831787 0.00584784817034
12000.0 -0.0420303033556 0.00569564688716
13000.0 -0.0439445064645 0.00617203889802
14000.0 -0.0453465973058 0.00649993042552
15000.0 -0.0471005118314 0.00644158776499
16000.0 -0.0496620149165 0.00670250293927
17000.0 -0.0526641682679 0.00688998169353
18000.0 -0.056396213171 0.00719741072027
19000.0 -0.0613240106082 0.00755220108113
20000.0 -0.067461194563 0.00777104031646
21000.0 -0.0762170350955 0.0081866476137
22000.0 -0.0837241896197 0.00871514273519
23000.0 -0.0731817619966 0.00627666638936
24000.0 -0.0641518593229 0.00475946763319
25000.0 -0.0583437353077 0.00352880739448
26000.0 -0.0547889814592 0.00358867002715
27000.0 -0.0534991042915 0.00324438707512
28000.0 -0.0526914164521 0.00295229659069
29000.0 -0.0522214626985 0.00259464927307
30000.0 -0.0520580193107 0.00266367529888
