0.0 -5.44374144347e-09 5.65145271521e-10
1000.0 -6.44209075735e-09 5.76082214772e-10
2000.0 -7.39566214186e-09 5.63788125222e-10
3000.0 -8.51440201652e-09 5.90929336903e-10
4000.0 -9.83987747977e-09 5.98668777952e-10
5000.0 -1.11109464456e-08 5.98244547282e-10
6000.0 -1.24613787894e-08 6.12419084576e-10
7000.0 -1.39808234962e-08 6.38742803584e-10
8000.0 -1.50688790128e-08 6.4614913223e-10
9000.0 -1.50222673351e-08 6.2703404536e-10
10000.0 -1.51178413394e-08 5.93113123278e-10
11000.0 -1.50492121967e-08 5.86649335543e-10
12000.0 -1.49897229989e-08 5.63878692869e-10
13000.0 -1.49875606098e-08 5.45309536332e-10
14000.0 -1.48492785524e-08 5.38294253829e-10
15000.0 -1.48260765605e-08 5.18931564282e-10
16000.0 -1.4802550499e-08 5.25344118382e-10
17000.0 -1.4655813687e-08 5.09286488564e-10
18000.0 -1.45212192211e-08 5.14711369411e-10
19000.0 -1.44941905268e-08 4.89314321079e-10
20000.0 -1.4339122727e-08 4.91587758288e-10
21000.0 -1.41854525849e-08 4.95204665199e-10
22000.0 -1.3877534111e-08 4.67212173572e-10
23000.0 -1.36279187609e-08 4.79318533096e-10
24000.0 -1.32551121064e-08 4.89052372906e-10
25000.0 -1.3136732397e-08 4.86722020748e-10
26000.0 -1.28123963676e-08 4.85055125967e-10
27000.0 -1.27241315626e-08 4.799670685e-10
28000.0 -1.2535447017e-08 4.78019208385e-10
29000.0 -1.2399980044e-08 4.8558233851e-10
30000.0 -1.24232174821e-08 4.73350196666e-10
