0.0 -3.08314748234e-09 4.95180060629e-10
1000.0 -3.11666882612e-09 4.95580103021e-10
2000.0 -3.17337772766e-09 4.87398055188e-10
3000.0 -3.30728622413e-09 5.21876308906e-10
4000.0 -3.35950606708e-09 5.00059025228e-10
5000.0 -3.40514063667e-09 5.01814319227e-10
6000.0 -3.43272181274e-09 5.0439025176e-10
7000.0 -3.5489713542e-09 5.33320842413e-10
8000.0 -3.7289805122e-09 5.34996123071e-10
9000.0 -3.77210248638e-09 4.99630829674e-10
10000.0 -3.93730226905e-09 5.27735996846e-10
11000.0 -4.06879365494e-09 5.24614547587e-10
12000.0 -4.28999281502e-09 5.42715726693e-10
13000.0 -4.56286388098e-09 5.24670752872e-10
14000.0 -4.8584077027e-09 5.33052328232e-10
15000.0 -5.14037567006e-09 5.44823628508e-10
16000.0 -5.58952362637e-09 5.45057086648e-10
17000.0 -6.25040558231e-09 5.80795505556e-10
18000.0 -7.11966033653e-09 5.74748493992e-10
19000.0 -8.19366426827e-09 5.85946115242e-10
20000.0 -9.85726069016e-09 6.05499956905e-10
21000.0 -1.23032346177e-08 6.15582684459e-10
22000.0 -1.5065338881e-08 6.23573200642e-10
23000.0 -1.50089539526e-08 5.68161133349e-10
24000.0 -1.47805136643e-08 5.42365828225e-10
25000.0 -1.45916533437e-08 5.03265202671e-10
26000.0 -1.43200743106e-08 5.07173633579e-10
27000.0 -1.4230450693e-08 4.89990874809e-10
28000.0 -1.4152633559e-08 4.78907549405e-10
29000.0 -1.41357163528e-08 4.72337440234e-10
30000.0 -1.40212365936e-08 4.86057547156e-10
