0.0 -3.24961970792e-09 4.9916554027e-10
1000.0 -3.2067467873e-09 5.20048542069e-10
2000.0 -3.19410164923e-09 5.11864363177e-10
3000.0 -3.26778188668e-09 5.13374039376e-10
4000.0 -3.3109397793e-09 5.1374323123e-10
5000.0 -3.27893130436e-09 5.09963484286e-10
6000.0 -3.24827096101e-09 5.06138879752e-10
7000.0 -3.28750721647e-09 5.15452662315e-10
8000.0 -3.16425287754e-09 5.02034731111e-10
9000.0 -3.30994943807e-09 4.88057043806e-10
10000.0 -3.25333664205e-09 5.01073771449e-10
11000.0 -3.25352135802e-09 4.9718600292e-10
12000.0 -3.26545927007e-09 5.03781204612e-10
13000.0 -3.30506674828e-09 5.15770299519e-10
14000.0 -3.36379735897e-09 5.09070734008e-10
15000.0 -3.39667933256e-09 5.24801931585e-10
16000.0 -3.38132912953e-09 5.01254770921e-10
17000.0 -3.47304629639e-09 5.14759909164e-10
18000.0 -3.52916807059e-09 4.91333828236e-10
19000.0 -3.6461914504e-09 5.08356448106e-10
20000.0 -3.83615274554e-09 5.31690956314e-10
21000.0 -3.82023834233e-09 5.1274714956e-10
22000.0 -4.38543865912e-09 5.12834197111e-10
23000.0 -5.04684106377e-09 5.21314227541e-10
24000.0 -6.35625581738e-09 5.55306339296e-10
25000.0 -8.63781371549e-09 5.78935677382e-10
26000.0 -1.15881475488e-08 6.039236669e-10
27000.0 -1.46934713581e-08 6.72269230268e-10
28000.0 -1.50648394338e-08 6.04725932518e-10
29000.0 -1.50078173702e-08 5.90693627664e-10
30000.0 -1.49745185397e-08 5.71962164814e-10
