0.0 -0.0384270719165 0.00554197215868
1000.0 -0.0408047319377 0.00554764025282
2000.0 -0.0434016096382 0.00634877881097
3000.0 -0.0451940123263 0.00640423104485
4000.0 -0.0473086353013 0.00660934007654
5000.0 -0.0492032280603 0.00664008096623
6000.0 -0.0513330130587 0.00652314881587
7000.0 -0.0540483827528 0.0069576212747
8000.0 -0.0557831485015 0.00690788292371
9000.0 -0.0587197307848 0.00746977554027
10000.0 -0.0620514731751 0.00767443491191
11000.0 -0.0661122710269 0.00805741813742
12000.0 -0.0703910472497 0.00832207430437
13000.0 -0.0757166665581 0.00866217528568
14000.0 -0.0818745647715 0.00892640823056
15000.0 -0.0845908857386 0.00880248673045
16000.0 -0.0781127078051 0.00720324451189
17000.0 -0.0729915686063 0.00628989270939
18000.0 -0.068222184064 0.00541561587135
19000.0 -0.0637993840555 0.00444802208941
20000.0 -0.0605246058081 0.00404977490213
21000.0 -0.0578879009097 0.00357717961228
22000.0 -0.0554336223649 0.00352331779052
23000.0 -0.0532539799363 0.00333025524745
24000.0 -0.0518786535861 0.00252113774896
25000.0 -0.050796728095 0.0024948140499
26000.0 -0.0501900080087 0.00291394605486
27000.0 -0.0496282683663 0.00312055683064
28000.0 -0.0494976794101 0.00317032475437
29000.0 -0.0495750821581 0.00310154716795
30000.0 -0.0492543016607 0.00319842209135
