0.0 8.603805429e-11 2.25298895638e-10
5.0 6.26908504564e-11 2.22724375122e-10
10.0 4.63820046777e-11 2.24803836144e-10
15.0 4.73600420428e-11 2.29342377739e-10
20.0 3.78242917222e-11 2.19179992592e-10
25.0 3.31975977367e-11 2.35602383814e-10
30.0 2.85549679666e-11 2.31321737104e-10
35.0 4.20455252784e-11 2.21374267481e-10
40.0 1.43082934642e-11 2.22342987391e-10
45.0 5.02474364926e-11 2.27489672248e-10
50.0 6.59778997693e-11 2.21833197379e-10
55.0 6.85019047306e-11 2.14759489306e-10
60.0 6.58245328342e-11 2.19948830271e-10
65.0 6.33789961038e-11 2.28221842256e-10
70.0 -3.60061095259e-12 2.3049564794e-10
75.0 1.24909809301e-11 2.24873518458e-10
80.0 2.91423818145e-11 2.23039139801e-10
85.0 2.4671823235e-11 2.32897667862e-10
90.0 -1.93473801501e-11 2.217217147e-10
95.0 -2.65285132466e-11 2.28623753683e-10
100.0 -3.10390896227e-11 2.19909900632e-10
105.0 -7.78953568082e-11 2.23435596727e-10
110.0 -7.35140055702e-11 2.17610646408e-10
115.0 -4.6769220534e-11 2.26504517431e-10
120.0 -4.85796690131e-11 2.23694720892e-10
125.0 -5.65649092738e-11 2.27065198855e-10
130.0 -1.11762963603e-10 2.34041558072e-10
135.0 -1.22810719533e-10 2.25694902237e-10
140.0 -8.2834483712e-11 2.24145685913e-10
145.0 -8.18795259581e-11 2.28084078339e-10
150.0 -1.03975820258e-10 2.25563756159e-10
155.0 -1.05749730094e-10 2.2695215366e-10
160.0 -1.40039466169e-10 2.26391966925e-10
165.0 -1.24861376021e-10 2.29818112235e-10
170.0 -2.1903230954e-10 2.31273424576e-10
175.0 -2.51315188396e-10 2.39541248838e-10
180.0 -3.25533192315e-10 2.27211031715e-10
185.0 -4.04926322151e-10 2.43075694126e-10
190.0 -4.80519079924e-10 2.42402294529e-10
195.0 -5.80840736628e-10 2.46264779422e-10
200.0 -7.08858715865e-10 2.48118179406e-10
205.0 -7.86853637749e-10 2.49877008574e-10
210.0 -9.04937195686e-10 2.43200481254e-10
215.0 -1.03314779717e-09 2.52908880464e-10
220.0 -1.17842611614e-09 2.54176294412e-10
225.0 -1.26136374406e-09 2.61804456474e-10
230.0 -1.37002757315e-09 2.6149875138e-10
235.0 -1.49321585803e-09 2.65469865073e-10
240.0 -1.56090499017e-09 2.63862925106e-10
245.0 -1.6916991043e-09 2.6798224194e-10
250.0 -1.82709897394e-09 2.64431883966e-10
255.0 -1.95401837125e-09 2.65336978713e-10
