0.0 4.62707860851e-08 2.53894716908e-09
5.0 4.29164242303e-08 4.55936681456e-09
10.0 4.52852774009e-08 4.52893455889e-09
15.0 2.86951867584e-08 4.21998795384e-09
20.0 3.89285987024e-08 4.72646473164e-09
25.0 4.64879141308e-08 4.21056062682e-09
30.0 4.30129694429e-08 4.49627220442e-09
35.0 5.14620900997e-08 4.40004113246e-09
40.0 4.38173464822e-08 4.497784479e-09
45.0 4.54007235766e-08 4.45915867898e-09
50.0 5.3232209722e-08 4.68628815616e-09
55.0 5.39838069419e-08 4.47497757437e-09
60.0 4.11965070408e-08 4.76149642317e-09
65.0 5.06101705682e-08 4.62532431749e-09
70.0 3.61331708391e-08 4.2744331038e-09
75.0 3.83047448553e-08 3.74943936916e-09
80.0 4.47397548321e-08 3.74028132522e-09
85.0 4.37245708038e-08 4.25229190709e-09
90.0 4.49781503342e-08 4.23252566318e-09
95.0 4.25761850704e-08 4.23563875374e-09
100.0 2.99193139049e-08 4.21467446346e-09
105.0 4.83301128859e-08 4.70192690519e-09
110.0 3.6851242728e-08 4.1402748129e-09
115.0 4.35870286944e-08 4.15146466015e-09
120.0 4.69103796072e-08 4.75896871004e-09
125.0 4.16997910787e-08 4.69832803392e-09
130.0 4.1933140843e-08 4.15531498508e-09
135.0 4.88074069145e-08 4.41016327549e-09
140.0 4.08516897623e-08 4.38004307875e-09
145.0 4.11159057673e-08 3.94300042315e-09
150.0 4.14748123247e-08 4.10736254339e-09
155.0 4.41257740422e-08 3.83047669123e-09
160.0 2.8736803005e-08 3.36741439778e-09
165.0 3.72760375542e-08 2.8232973719e-09
170.0 2.8777122233e-08 1.99197593058e-09
175.0 1.44414132363e-08 1.01397944993e-09
180.0 4.65562469473e-09 4.51983976144e-10
185.0 2.63523330851e-09 1.93348610464e-10
190.0 2.19047720721e-09 9.07530298048e-11
195.0 2.13067806239e-09 7.86259058233e-12
200.0 2.18516222157e-09 7.07312880964e-12
205.0 2.26003134465e-09 6.81920950213e-12
210.0 2.308539012e-09 6.6031520115e-12
215.0 2.36458172771e-09 6.63559912587e-12
220.0 2.4135854189e-09 6.79640204009e-12
225.0 2.48971897086e-09 6.5579238177e-12
230.0 2.53133821037e-09 5.95222080157e-12
235.0 2.5830049874e-09 6.10749919421e-12
240.0 2.6353202018e-09 5.46182515525e-12
245.0 2.69259873201e-09 5.58876388595e-12
250.0 2.75154976622e-09 5.63349680724e-12
255.0 2.81332523488e-09 5.89621330936e-12
