0.0 -0.0577502563436 0.00895129086238
5.0 -0.0577729542577 0.00891282299486
10.0 0.0536736161637 0.00782554391311
15.0 -0.0577712585719 0.0089862404336
20.0 0.0538751604773 0.00819506824435
25.0 -0.0578867722397 0.00887708908456
30.0 -0.0573194174666 0.0088861358758
35.0 -0.0576408859029 0.00912928212451
40.0 -0.0577553043799 0.00895063315911
45.0 -0.0579316193432 0.00900930955143
50.0 -0.0573441792925 0.00870528697097
55.0 -0.0576409897987 0.00892404958522
60.0 -0.0572012109962 0.00902850398686
65.0 -0.0575696385009 0.00886660786205
70.0 -0.0579753035177 0.00854962224124
75.0 -0.0576176238631 0.00885153695723
80.0 -0.0575325780798 0.00892661644474
85.0 -0.0575431760276 0.00894087260524
90.0 -0.0576397097023 0.00872473899833
95.0 -0.0576684403764 0.00895082825779
100.0 -0.0581553867315 0.0087174447269
105.0 -0.0584515059383 0.00885943802873
110.0 -0.0582580820376 0.00867172695679
115.0 -0.058212869287 0.00900106845952
120.0 -0.058653937993 0.00933811825174
125.0 0.0536763419058 0.00781661090127
130.0 -0.0593792904815 0.00874094222086
135.0 -0.0600412174227 0.00912008109772
140.0 -0.0592563982233 0.00852818974034
145.0 -0.0596377116395 0.00958017982944
150.0 -0.0612822438374 0.0100825417963
155.0 -0.0631587415825 0.0105941282058
160.0 -0.0662944080343 0.01256910044
165.0 -0.0726137550887 0.016845610682
170.0 -0.0884588279658 0.0209994408909
175.0 -0.112812158033 0.0262262138015
180.0 -0.143514775377 0.0302006781381
185.0 -0.175417211455 0.0344977077809
190.0 -0.208124732933 0.0369732520998
195.0 -0.242203962868 0.0370202552798
200.0 -0.277741979379 0.041881652939
205.0 -0.310806818496 0.0446396886302
210.0 -0.344262139144 0.0459130498495
215.0 -0.378358762927 0.0485588788811
220.0 -0.41465075609 0.0487725686467
225.0 -0.443363160942 0.0500145023916
230.0 -0.477372987054 0.0499769961647
235.0 -0.505055247375 0.0516491681816
240.0 -0.535368634522 0.0498558719828
245.0 -0.561200856462 0.0523549489338
250.0 -0.59155183821 0.0539592011509
255.0 -0.614575004141 0.0539561877192
