0.0 -3.13063554469e-10 2.90662305716e-10
5.0 -3.55358060356e-10 2.91646330479e-10
10.0 -3.72860327976e-10 2.89242901606e-10
15.0 -4.24160864834e-10 2.85639911286e-10
20.0 -3.82772707345e-10 2.97913067133e-10
25.0 -4.13097510601e-10 3.08627210602e-10
30.0 -3.35907327597e-10 3.01601564039e-10
35.0 -3.83952896516e-10 2.93268667706e-10
40.0 -3.30230951497e-10 2.98063601501e-10
45.0 2.47287250698e-09 1.90292460179e-09
50.0 3.77845957099e-09 2.17330462578e-10
55.0 3.73616737146e-09 2.2018454195e-10
60.0 3.69982915486e-09 2.15920748352e-10
65.0 3.71097335999e-09 2.16433063133e-10
70.0 3.7340489675e-09 2.22879783295e-10
75.0 3.69484354491e-09 2.18325406783e-10
80.0 3.68473162273e-09 2.18559947025e-10
85.0 3.69486424496e-09 2.23814871387e-10
90.0 3.72578925941e-09 2.18974121739e-10
95.0 3.73347046274e-09 2.22933583515e-10
100.0 3.71938931392e-09 2.16701897277e-10
105.0 3.68789471186e-09 2.19876176559e-10
110.0 3.74532787305e-09 2.21154139549e-10
115.0 3.75141555959e-09 2.21950041229e-10
120.0 3.72683373258e-09 2.15964240136e-10
125.0 3.69517058377e-09 2.23424692231e-10
130.0 -1.206127087e-09 3.15763591896e-10
135.0 -1.50614379543e-09 3.17128004855e-10
140.0 -1.78290813572e-09 3.26140898503e-10
145.0 -2.27346408524e-09 3.2666786974e-10
150.0 -2.69790627258e-09 3.31852552582e-10
155.0 -3.17120742538e-09 3.35611173057e-10
160.0 -3.67088192072e-09 3.39942515409e-10
165.0 -4.17946300785e-09 3.49587740775e-10
170.0 -4.69401939961e-09 3.50782656007e-10
175.0 -5.18148476574e-09 3.58236132196e-10
180.0 -5.62524937842e-09 3.56214538739e-10
185.0 -6.17264758503e-09 3.58634296929e-10
190.0 -6.61877087961e-09 3.67801637846e-10
195.0 -6.78037247195e-09 4.25843973244e-10
200.0 -7.49706585448e-09 3.73199903877e-10
205.0 -8.0205745848e-09 3.80247654773e-10
210.0 -8.44842401785e-09 3.81159851566e-10
215.0 -8.93609451794e-09 3.83942105982e-10
220.0 -9.32684626408e-09 3.74973728998e-10
225.0 -9.8186395728e-09 3.80151676615e-10
230.0 -1.03063511131e-08 3.86579391025e-10
235.0 -1.07098066544e-08 3.92033529005e-10
240.0 -1.11263767992e-08 3.93740686755e-10
245.0 -1.14890885728e-08 3.97430401141e-10
250.0 -1.19020109025e-08 3.90204757102e-10
255.0 -1.23159150898e-08 3.99942398274e-10
