0.0 4.59335191737e-08 1.36512052389e-07
5.0 4.51289059025e-08 1.31592006565e-07
10.0 2.68396443134e-08 1.48043897402e-07
15.0 4.11415423817e-08 1.37278325339e-07
20.0 4.50134174124e-08 1.34834961948e-07
25.0 4.95087293327e-08 1.34787824132e-07
30.0 4.48481753701e-08 1.32662803398e-07
35.0 3.94678523302e-08 1.32131498442e-07
40.0 3.02746217433e-08 1.4803152536e-07
45.0 1.13729943449e-08 2.01159330918e-07
50.0 6.24335899057e-08 1.18498026455e-07
55.0 5.50611666329e-08 1.18269238446e-07
60.0 6.33347324115e-08 1.23000295098e-07
65.0 5.7761883439e-08 1.18275271858e-07
70.0 5.91537555064e-08 1.22553546108e-07
75.0 6.31622470108e-08 1.21114223552e-07
80.0 6.21575135614e-08 1.19494729986e-07
85.0 6.18140451781e-08 1.23892745901e-07
90.0 6.21497522957e-08 1.19725100389e-07
95.0 5.84868349476e-08 1.16339759645e-07
100.0 6.11489498331e-08 1.22755866659e-07
105.0 5.68102467031e-08 1.21597631595e-07
110.0 6.09118792926e-08 1.21865981822e-07
115.0 6.41044615906e-08 1.19195898794e-07
120.0 6.18064076441e-08 1.17716504617e-07
125.0 5.65328482507e-08 1.2151446351e-07
130.0 2.60733911765e-09 2.72033493853e-09
135.0 2.5060663807e-09 3.01635094021e-10
140.0 2.50192358767e-09 2.21228857257e-10
145.0 2.53080449545e-09 1.87889282361e-10
150.0 2.51012073313e-09 1.57300135329e-10
155.0 2.56085906684e-09 1.34365931593e-10
160.0 2.61688673636e-09 1.29394172287e-10
165.0 2.69590314468e-09 1.21735832686e-10
170.0 2.79804288549e-09 1.1329410969e-10
175.0 2.90752497194e-09 1.13546879222e-10
180.0 3.00410115674e-09 1.12582754577e-10
185.0 3.09401669594e-09 1.13397521248e-10
190.0 3.18497128436e-09 1.11474078444e-10
195.0 3.22463502983e-09 1.17785936464e-10
200.0 3.36050737514e-09 1.10999663114e-10
205.0 3.44713293757e-09 1.11057465872e-10
210.0 3.53159221215e-09 1.09716389647e-10
215.0 3.61429721887e-09 1.06754609567e-10
220.0 3.6914063033e-09 1.11051439391e-10
225.0 3.7711228139e-09 1.0858447711e-10
230.0 3.84397089671e-09 1.05062065719e-10
235.0 3.91350319939e-09 1.08625339748e-10
240.0 3.98688011383e-09 1.08285367122e-10
245.0 4.05528332414e-09 1.14766481046e-10
250.0 4.12440437047e-09 1.12756982196e-10
255.0 4.19450148087e-09 1.15746877658e-10
