0.0 -0.072077767325 0.0100973079802
5.0 -0.0724414642587 0.00968093133741
10.0 0.0650358892369 0.00820851886635
15.0 -0.0726644960408 0.00989732586595
20.0 -0.0725244023424 0.00964632607012
25.0 -0.0724026040486 0.00973807122232
30.0 -0.0720694070329 0.00989722034249
35.0 -0.0724106745776 0.00977576222747
40.0 0.0651071674864 0.008082090806
45.0 -0.048978905148 0.0169351045201
50.0 0.0797435769762 0.00668498057455
55.0 0.0797043888351 0.00668101091645
60.0 0.0793210614139 0.00644440406189
65.0 0.0796559914053 0.00664505706638
70.0 0.0797073288834 0.00667221498845
75.0 0.0790983379556 0.00639608841336
80.0 0.0795322912234 0.00665855205919
85.0 0.0795957157868 0.00677692737804
90.0 0.0795760853034 0.00671439088249
95.0 0.0794978217174 0.00672410467457
100.0 0.0795969190815 0.00667748412735
105.0 0.0794869034617 0.00660384149786
110.0 0.0796754510256 0.00701807078661
115.0 0.0797811740851 0.00656677053461
120.0 0.0796542037432 0.00662816249755
125.0 0.0793445990142 0.00644188214232
130.0 -0.235887683565 0.0378019985946
135.0 -0.321717593334 0.0359140216472
140.0 -0.442209458623 0.0444310272719
145.0 -0.58578278195 0.0499827303836
150.0 -0.746100639168 0.058139887694
155.0 -0.894587854288 0.0575175676947
160.0 -1.03465862454 0.0589335980571
165.0 -1.16489485712 0.06169176443
170.0 -1.28646092774 0.0607049380862
175.0 -1.40336876705 0.065338048804
180.0 -1.51188890728 0.0672017087308
185.0 -1.61484207849 0.0658547256908
190.0 -1.70722921038 0.0663173863367
195.0 -1.75205720811 0.081792832757
200.0 -1.88277990074 0.070309428
205.0 -1.96523391149 0.0684262716177
210.0 -2.03831160763 0.0704436041838
215.0 -2.10858766411 0.0684680122496
220.0 -2.1741113282 0.069595138037
225.0 -2.24094529247 0.0711568737147
230.0 -2.3011706313 0.0680196839631
235.0 -2.36410813955 0.0700606934184
240.0 -2.42027581433 0.0735855418503
245.0 -2.47576371937 0.074802427636
250.0 -2.5281117544 0.0728458123708
255.0 -2.58248958562 0.0722335087864
